# This puzzle is unsolvable
11
  1  42  71  14  94  40  56  90  80   5   9 
 96  38  95  73  91 115  50 117 119  16  75 
 36   2  11  30  81  97  55 100 104   8  85 
111  98  31 112  47  82  44 101  25  43  15 
 70   6  34 107  78  10  93  52  59  83   7 
 27 105 103  76 120  35  58  21  54  53  87 
 45  72  39 118   3  51 113  68  86   4  84 
 37  69  99  62 110   0  48  74  61  22  20 
 33  32 106  23  66 116 102 109  18  79  41 
 60  88  77  26  28  67  89  17 114  24  19 
 64  29  49  63  57 108  65  92  46  13  12 
